1 2
1 3
4 2
4 3
4 5
6 2
7 2
7 5
8 9
10 11
12 2
13 2
13 5
14 9
15 11
15 2
16 9
17 9
18 2
19 5
20 5
21 9
22 2
23 9
24 9
25 9
26 2
27 9
28 9
29 2
30 2
31 2
32 11
32 2
33 2
34 9
35 2
36 2
36 3
36 5
37 11
38 9
39 2
40 2
41 3
42 3
43 9
43 11
44 5
45 3
46 2
46 5
47 9
48 3
49 9
50 11
50 2
51 2
52 9
53 11
54 9
55 3
56 9
57 9
58 2
59 9
60 2
60 5
61 5
62 9
63 3
64 2
65 5
66 9
67 2
68 9
69 2
70 2
71 9
72 9
73 9
74 9
75 2
76 2
77 9
78 2
79 3
80 9
81 2
82 5
83 9
84 9
85 2
86 9
87 2
88 9
89 2
89 5
90 9
91 2
92 9
93 9
94 3
94 5
95 9
96 2
97 2
98 2
99 2
100 9
101 2
102 9
103 3
104 5
105 9
106 5
107 2
108 2
109 9
110 3
110 5
111 9
111 2
111 3
112 2
113 9
114 2
115 2
116 9
117 11
118 9
119 2
120 2
121 2
122 2
123 5
124 2
125 2
126 9
127 2
128 11
129 3
130 9
130 2
131 9
131 2
131 3
131 5
132 9
133 9
134 9
134 11
135 5
136 2
137 9
138 9
139 3
140 2
141 2
141 5
